-1000
-999
-997
-997
-993
-993
-991
-991
-991
-990
-982
-981
-981
-980
-980
-978
-975
-970
-970
-968
-968
-964
-963
-962
-958
-956
-955
-953
-952
-945
-943
-942
-936
-932
-927
-921
-919
-913
-911
-909
-909
-906
-904
-903
-901
-898
-897
-893
-892
-891
-890
-890
-889
-888
-884
-884
-868
-867
-867
-866
-865
-865
-864
-864
-859
-859
-855
-855
-852
-851
-848
-846
-845
-842
-840
-839
-837
-836
-834
-834
-826
-822
-821
-821
-820
-818
-818
-816
-815
-815
-812
-811
-811
-807
-807
-806
-806
-806
-805
-805
-803
-801
-800
-797
-796
-795
-794
-793
-792
-791
-791
-789
-788
-786
-786
-780
-779
-778
-773
-773
-771
-771
-770
-768
-761
-761
-760
-759
-759
-758
-757
-755
-753
-751
-750
-745
-744
-743
-738
-734
-731
-730
-728
-728
-727
-725
-725
-725
-724
-723
-722
-722
-720
-720
-719
-719
-719
-718
-717
-715
-713
-711
-710
-709
-709
-705
-703
-699
-699
-697
-696
-694
-694
-694
-692
-688
-688
-684
-682
-679
-677
-670
-670
-667
-666
-666
-665
-664
-664
-663
-662
-661
-660
-660
-658
-658
-656
-653
-651
-648
-648
-647
-644
-643
-641
-638
-635
-631
-629
-629
-626
-624
-623
-622
-613
-613
-610
-609
-608
-606
-606
-604
-604
-601
-596
-594
-593
-593
-591
-590
-585
-579
-579
-574
-574
-574
-573
-572
-568
-568
-567
-567
-566
-565
-555
-551
-550
-536
-535
-535
-535
-531
-531
-530
-527
-527
-527
-526
-523
-523
-522
-521
-520
-519
-519
-515
-511
-508
-506
-505
-501
-499
-498
-496
-493
-491
-491
-490
-490
-489
-488
-486
-483
-482
-477
-477
-477
-476
-475
-471
-469
-467
-465
-464
-462
-461
-461
-455
-453
-452
-452
-449
-449
-446
-444
-440
-438
-435
-434
-434
-425
-424
-424
-424
-416
-413
-412
-408
-406
-406
-406
-405
-402
-395
-393
-387
-387
-386
-383
-382
-380
-378
-377
-376
-372
-371
-369
-365
-363
-357
-353
-351
-347
-345
-341
-339
-335
-334
-333
-330
-329
-329
-328
-327
-324
-323
-320
-316
-314
-312
-312
-311
-310
-310
-308
-308
-306
-306
-305
-305
-300
-300
-299
-297
-297
-295
-292
-291
-283
-278
-278
-277
-274
-273
-273
-272
-272
-270
-268
-265
-265
-264
-263
-259
-258
-258
-257
-247
-245
-241
-240
-240
-237
-233
-233
-224
-223
-218
-212
-212
-208
-206
-205
-203
-196
-192
-188
-186
-183
-182
-180
-177
-177
-172
-163
-163
-161
-160
-156
-153
-149
-146
-143
-142
-140
-136
-135
-135
-134
-131
-126
-126
-124
-122
-121
-117
-117
-115
-115
-114
-112
-112
-111
-109
-108
-107
-107
-103
-102
-101
-100
-100
-100
-99
-98
-95
-95
-88
-88
-87
-81
-75
-73
-73
-73
-67
-65
-64
-62
-55
-54
-54
-49
-48
-41
-39
-38
-31
-29
-24
-23
-22
-22
-21
-21
-21
-17
-16
-15
-15
-11
-10
-2
1
2
4
4
7
7
7
8
16
17
20
22
27
31
33
37
37
38
42
43
46
50
54
55
58
58
61
69
71
71
76
77
77
78
78
79
82
88
89
90
92
92
94
96
98
101
101
102
103
106
106
107
107
107
110
112
112
113
114
115
116
116
117
118
119
120
121
123
123
125
126
127
130
135
136
137
138
138
139
140
140
141
143
148
149
150
152
152
153
154
154
157
160
161
161
162
164
165
165
166
166
167
168
168
169
170
176
176
177
180
181
182
183
183
184
184
185
185
186
186
186
187
192
193
195
196
197
197
197
198
202
202
203
208
210
211
212
213
213
214
217
225
230
234
236
237
239
239
243
245
246
246
248
249
253
253
255
256
258
260
261
262
263
264
264
265
265
267
269
275
281
282
284
285
287
289
293
293
293
300
301
301
301
301
304
305
305
305
305
306
307
309
310
310
313
314
335
336
339
350
354
355
355
356
358
368
372
375
376
384
388
388
388
392
393
394
394
395
399
400
400
403
407
411
411
415
416
416
418
420
422
432
435
437
439
441
442
444
446
446
448
449
450
451
454
456
457
458
465
475
477
492
494
495
495
496
496
501
503
503
507
508
509
512
513
522
523
523
525
530
531
534
537
538
538
539
540
541
543
545
546
548
555
556
558
562
562
562
563
566
568
568
572
573
574
575
575
576
577
578
578
583
583
584
586
586
588
588
590
595
596
597
597
599
600
601
601
602
603
603
606
607
608
614
614
615
621
622
625
636
638
640
643
644
645
646
646
651
654
658
658
661
663
670
671
672
673
674
679
679
680
681
686
689
690
692
693
693
695
696
698
698
700
701
702
705
708
712
712
714
718
718
720
722
723
724
725
725
727
727
731
733
734
734
734
736
736
737
741
745
748
752
752
755
757
757
763
765
769
771
773
773
774
778
778
780
781
787
791
791
796
800
801
806
807
812
817
817
817
822
824
831
831
835
848
848
849
850
858
860
866
868
871
872
872
874
874
875
877
879
879
879
884
885
886
886
890
891
892
892
895
899
904
906
907
907
909
914
914
917
921
929
933
933
940
943
944
944
946
947
950
953
958
958
962
963
964
967
968
969
970
971
973
974
975
977
979
980
985
985
985
987
989
990
995
996
996