-9910
-9835
-9750
-9126
-8934
-8763
-8729
-7845
-7627
-7561
-7442
-7397
-7333
-7298
-6757
-6356
-6314
-6053
-5528
-5002
-4908
-4672
-4666
-4648
-4624
-4314
-3700
-3694
-3616
-3462
-3436
-3402
-3388
-3276
-3028
-3028
-2939
-2672
-2392
-2342
-2337
-2097
-1919
-1875
-1850
-1603
-1231
-1108
-1021
-939
-630
-598
-123
81
195
195
214
380
439
707
1252
1649
1651
1786
1891
1916
2300
2406
2507
2941
3439
3515
3520
3802
3947
3960
4171
4210
4224
4451
4579
4673
4891
4892
5126
5151
5238
5343
5532
5634
5843
6038
6176
6242
6391
6414
6434
6789
6967
7308
7358
7438
7458
7947
7996
8359
8967
9189
9267
9515
9612
9729
10035
10109
10473
10503
10791
10854
10935
11101
11132
11272
11467
11697
11756
12122
12130
12307
13466
13479
13764
14117
14204
14478
14484
14681
14764
14853
14878
14954
15461
15521
15976
16212
16600
16950
17001
17146
17173
17398
17935
17976
18269
18544
18783
18960
19006
19037
19115
19195
19783
19885
19953
20169
20416
20471
21170
22369
22504
22774
22998
23579
23596
23793
23998
24051
24122
24375
24579
24618
24876
24897
24957
25227
25509
25792
26605
26747
27100
27357
27371
27633
27707
27811
28133
28351
28372
28578
28883
28903
28989
29431
29537
29893
29969
30192
30270
30410
30565
31238
31333
31499
31793
31806
31928
32492
32587
32833
32949
33205
33344
33440
33449
33556
33821
34196
34213
34417
34464
34599
34665
34913
35381
35624
35687
36024
36086
36215
36259
36711
36780
36804
36816
36821
36827
36867
36985
37074
37407
38098
38197
38470
38527
38666
38952
39146
39348
39586
39786
39934
40130
40549
40662
41696
41951
42057
42441
42664
42774
42814
42832
43290
43296
43347
43839
44134
44339
44575
44598
44721
44955
45011
45248
45460
45544
45701
45972
46066
46382
46391
46408
46718
47236
47349
47494
48013
48048
48277
48329
48397
48405
48736
49194
49470
49740
50288
50820
51215
51309
51344
52467
52491
52825
53064
53122
53149
53207
53357
53708
53940
54576
54964
55196
55354
55670
56049
56162
56572
56742
57499
57592
57690
57722
57950
58489
58629
58829
58939
59158
59377
59630
59642
59800
59807
59877
60025
60163
60218
60432
61038
61083
61152
61329
61537
61569
61733
61990
62180
62249
62436
62743
62805
62809
63045
63087
63345
63455
63852
64295
64537
64812
64867
65157
65407
65516
65969
65996
66037
66043
66553
66583
66728
66744
66819
66826
66838
66847
66955
67067
67123
67263
67290
67772
67916
68062
68229
68362
68440
68524
68532
68586
68904
68946
69042
69353
69357
69395
69862
70326
70829
71058
71376
71378
71750
71917
72446
72858
72921
73037
73153
73287
73750
73799
73963
74145
74198
74395
74492
74721
74759
75093
75288
75620
75683
75740
75762
75818
75849
76456
76596
76695
76701
76913
77577
77604
77636
77855
77940
78066
78137
78248
78535
78674
78829
78845
78911
79011
79016
79027
79077
79342
79377
79850
80270
80554
80778
80798
81506
81808
81980
82195
82305
82692
82843
83656
83795
83797
84443
84621
84653
84991
85216
85337
85941
86016
86029
86233
86383
86401
86761
86892
87073
87107
87327
88109
88431
88932
88987
89402
89420
89687
89688
89724
89779
89857
90008
90168
90251
90693
90852
90999
91026
91107
91497
91512
91584
91718
92168
92407
92609
93156
93160
93215
93644
93913
93972
94226
94377
94549
94762
95015
95169
95302
95587
95833
95980
96366
96391
96461
96757
96825
96941
96982
97047
97109
97218
97866
97890
98048
98566
98917
98925
99112
99289
99324
99377
99392
99553
99557
99747